-79.000000 -0.000635
-78.000000 -0.002539
-77.000000 -0.004176
-76.000000 -0.002800
-75.000000 -0.001718
-74.000000 -0.005250
-73.000000 -0.003859
-72.000000 -0.004242
-71.000000 -0.004713
-70.000000 -0.004972
-69.000000 -0.005912
-68.000000 -0.006581
-67.000000 -0.004470
-66.000000 -0.002688
-65.000000 -0.006599
-64.000000 -0.012303
-63.000000 -0.011998
-62.000000 -0.015615
-61.000000 -0.017854
-60.000000 -0.019526
-59.000000 -0.019834
-58.000000 -0.020305
-57.000000 -0.021758
-56.000000 -0.025446
-55.000000 -0.027710
-54.000000 -0.031045
-53.000000 -0.032829
-52.000000 -0.034561
-51.000000 -0.036974
-50.000000 -0.038954
-49.000000 -0.039585
-48.000000 -0.037344
-47.000000 -0.038588
-46.000000 -0.040093
-45.000000 -0.042787
-44.000000 -0.044941
-43.000000 -0.047610
-42.000000 -0.051252
-41.000000 -0.053683
-40.000000 -0.057059
-39.000000 -0.059465
-38.000000 -0.063247
-37.000000 -0.067466
-36.000000 -0.070554
-35.000000 -0.070046
-34.000000 -0.071820
-33.000000 -0.073694
-32.000000 -0.076614
-31.000000 -0.076999
-30.000000 -0.077401
-29.000000 -0.076010
-28.000000 -0.079756
-27.000000 -0.082084
-26.000000 -0.085470
-25.000000 -0.086666
-24.000000 -0.087789
-23.000000 -0.090878
-22.000000 -0.092683
-21.000000 -0.096177
-20.000000 -0.097980
-19.000000 -0.103235
-18.000000 -0.108059
-17.000000 -0.106410
-16.000000 -0.108536
-15.000000 -0.113484
-14.000000 -0.116614
-13.000000 -0.121613
-12.000000 -0.121209
-11.000000 -0.122584
-10.000000 -0.124249
-9.000000 -0.128846
-8.000000 -0.129560
-7.000000 -0.129251
-6.000000 -0.133047
-5.000000 -0.133056
-4.000000 -0.130551
-3.000000 -0.130374
-2.000000 -0.129074
-1.000000 -0.132677
0.000000 -0.122566
1.000000 -0.106835
2.000000 -0.110298
3.000000 -0.106819
4.000000 -0.105418
5.000000 -0.109852
6.000000 -0.106841
7.000000 -0.107027
8.000000 -0.105519
9.000000 -0.102809
10.000000 -0.104026
11.000000 -0.104517
12.000000 -0.103585
13.000000 -0.102781
14.000000 -0.101845
15.000000 -0.098008
16.000000 -0.094455
17.000000 -0.091195
18.000000 -0.091586
19.000000 -0.093470
20.000000 -0.089373
21.000000 -0.087045
22.000000 -0.085359
23.000000 -0.082074
24.000000 -0.080133
25.000000 -0.075560
26.000000 -0.071776
27.000000 -0.068530
28.000000 -0.067563
29.000000 -0.060713
30.000000 -0.056104
31.000000 -0.053172
32.000000 -0.048195
33.000000 -0.046773
34.000000 -0.044981
35.000000 -0.042429
36.000000 -0.044393
37.000000 -0.044609
38.000000 -0.047437
39.000000 -0.047398
40.000000 -0.044969
41.000000 -0.048655
42.000000 -0.051616
43.000000 -0.055586
44.000000 -0.058570
45.000000 -0.061083
46.000000 -0.066717
47.000000 -0.069687
48.000000 -0.068399
49.000000 -0.069846
50.000000 -0.072927
51.000000 -0.075173
52.000000 -0.078088
53.000000 -0.075263
54.000000 -0.073942
55.000000 -0.076109
56.000000 -0.077239
57.000000 -0.079337
58.000000 -0.077564
59.000000 -0.079319
60.000000 -0.082050
61.000000 -0.080606
62.000000 -0.083709
63.000000 -0.083171
64.000000 -0.083418
65.000000 -0.084529
66.000000 -0.084501
67.000000 -0.080635
68.000000 -0.079812
69.000000 -0.085247
70.000000 -0.089106
71.000000 -0.093594
72.000000 -0.096132
73.000000 -0.094847
74.000000 -0.095242
75.000000 -0.094315
76.000000 -0.094000
77.000000 -0.093330
78.000000 -0.090953
79.000000 -0.094091
80.000000 -0.096178
