-79.000000 -0.001189
-78.000000 -0.001077
-77.000000 -0.000211
-76.000000 -0.000473
-75.000000 -0.000362
-74.000000 0.000620
-73.000000 0.000555
-72.000000 0.000526
-71.000000 0.000183
-70.000000 0.002222
-69.000000 0.001936
-68.000000 0.002015
-67.000000 0.002226
-66.000000 0.002504
-65.000000 0.003363
-64.000000 0.002804
-63.000000 0.001628
-62.000000 0.002780
-61.000000 0.001663
-60.000000 0.002544
-59.000000 0.001779
-58.000000 0.003019
-57.000000 0.002527
-56.000000 0.002458
-55.000000 0.002342
-54.000000 0.003287
-53.000000 0.003658
-52.000000 0.002375
-51.000000 0.000630
-50.000000 -0.000161
-49.000000 -0.000245
-48.000000 -0.001723
-47.000000 -0.004051
-46.000000 -0.006090
-45.000000 -0.009341
-44.000000 -0.010462
-43.000000 -0.009852
-42.000000 -0.012723
-41.000000 -0.015057
-40.000000 -0.017858
-39.000000 -0.019113
-38.000000 -0.020633
-37.000000 -0.021244
-36.000000 -0.024593
-35.000000 -0.026124
-34.000000 -0.025766
-33.000000 -0.027386
-32.000000 -0.027524
-31.000000 -0.028699
-30.000000 -0.029751
-29.000000 -0.028986
-28.000000 -0.030513
-27.000000 -0.031010
-26.000000 -0.031961
-25.000000 -0.030523
-24.000000 -0.030621
-23.000000 -0.035005
-22.000000 -0.036276
-21.000000 -0.038209
-20.000000 -0.042399
-19.000000 -0.042941
-18.000000 -0.045048
-17.000000 -0.046349
-16.000000 -0.047412
-15.000000 -0.050228
-14.000000 -0.052528
-13.000000 -0.054335
-12.000000 -0.054181
-11.000000 -0.055015
-10.000000 -0.054860
-9.000000 -0.055177
-8.000000 -0.055383
-7.000000 -0.055012
-6.000000 -0.054624
-5.000000 -0.055844
-4.000000 -0.053904
-3.000000 -0.055600
-2.000000 -0.055925
-1.000000 -0.055748
0.000000 -0.056766
1.000000 -0.056000
2.000000 -0.057597
3.000000 -0.059673
4.000000 -0.058402
5.000000 -0.058947
6.000000 -0.058018
7.000000 -0.058215
8.000000 -0.057850
9.000000 -0.056810
10.000000 -0.058209
11.000000 -0.057002
12.000000 -0.056771
13.000000 -0.055674
14.000000 -0.054815
15.000000 -0.055762
16.000000 -0.053995
17.000000 -0.054005
18.000000 -0.052604
19.000000 -0.050342
20.000000 -0.046618
21.000000 -0.043405
22.000000 -0.045009
23.000000 -0.045475
24.000000 -0.044717
25.000000 -0.041146
26.000000 -0.037376
27.000000 -0.036075
28.000000 -0.032980
29.000000 -0.030890
30.000000 -0.028087
31.000000 -0.026055
32.000000 -0.022440
33.000000 -0.020125
34.000000 -0.018159
35.000000 -0.015874
36.000000 -0.015251
37.000000 -0.016027
38.000000 -0.015139
39.000000 -0.011981
40.000000 -0.010516
41.000000 -0.011090
42.000000 -0.012596
43.000000 -0.013795
44.000000 -0.015832
45.000000 -0.018210
46.000000 -0.020868
47.000000 -0.023768
48.000000 -0.023803
49.000000 -0.027546
50.000000 -0.029416
51.000000 -0.030400
52.000000 -0.033421
53.000000 -0.031022
54.000000 -0.032181
55.000000 -0.034378
56.000000 -0.035412
57.000000 -0.037703
58.000000 -0.038739
59.000000 -0.039225
60.000000 -0.045210
61.000000 -0.043021
62.000000 -0.046493
63.000000 -0.046899
64.000000 -0.046355
65.000000 -0.047307
66.000000 -0.048133
67.000000 -0.051003
68.000000 -0.053847
69.000000 -0.055095
70.000000 -0.056766
71.000000 -0.056647
72.000000 -0.056742
73.000000 -0.057159
74.000000 -0.055884
75.000000 -0.056706
76.000000 -0.057293
77.000000 -0.057662
78.000000 -0.057189
79.000000 -0.059143
80.000000 -0.060747
