-79.000000 -0.001760
-78.000000 -0.002497
-77.000000 -0.002660
-76.000000 -0.004812
-75.000000 -0.003899
-74.000000 -0.005130
-73.000000 -0.005369
-72.000000 -0.006257
-71.000000 -0.005242
-70.000000 -0.004018
-69.000000 -0.006253
-68.000000 -0.007130
-67.000000 -0.008752
-66.000000 -0.012258
-65.000000 -0.016114
-64.000000 -0.018881
-63.000000 -0.025715
-62.000000 -0.026362
-61.000000 -0.028442
-60.000000 -0.029016
-59.000000 -0.030695
-58.000000 -0.032452
-57.000000 -0.035687
-56.000000 -0.039849
-55.000000 -0.041705
-54.000000 -0.045741
-53.000000 -0.046722
-52.000000 -0.049590
-51.000000 -0.052338
-50.000000 -0.053404
-49.000000 -0.054258
-48.000000 -0.055776
-47.000000 -0.058345
-46.000000 -0.060328
-45.000000 -0.063147
-44.000000 -0.065875
-43.000000 -0.068521
-42.000000 -0.070870
-41.000000 -0.072242
-40.000000 -0.075764
-39.000000 -0.080991
-38.000000 -0.083193
-37.000000 -0.084282
-36.000000 -0.088026
-35.000000 -0.089171
-34.000000 -0.090457
-33.000000 -0.093680
-32.000000 -0.095220
-31.000000 -0.097456
-30.000000 -0.099122
-29.000000 -0.097070
-28.000000 -0.101366
-27.000000 -0.102837
-26.000000 -0.107220
-25.000000 -0.110801
-24.000000 -0.112572
-23.000000 -0.117711
-22.000000 -0.121711
-21.000000 -0.125086
-20.000000 -0.130437
-19.000000 -0.133430
-18.000000 -0.138924
-17.000000 -0.142569
-16.000000 -0.142864
-15.000000 -0.149043
-14.000000 -0.152806
-13.000000 -0.153293
-12.000000 -0.156046
-11.000000 -0.158119
-10.000000 -0.159907
-9.000000 -0.161850
-8.000000 -0.166852
-7.000000 -0.167425
-6.000000 -0.167492
-5.000000 -0.168355
-4.000000 -0.166675
-3.000000 -0.168517
-2.000000 -0.171280
-1.000000 -0.174839
0.000000 -0.190843
1.000000 -0.215490
2.000000 -0.218387
3.000000 -0.217758
4.000000 -0.214508
5.000000 -0.214068
6.000000 -0.213261
7.000000 -0.214210
8.000000 -0.211805
9.000000 -0.208060
10.000000 -0.209294
11.000000 -0.206322
12.000000 -0.204833
13.000000 -0.204369
14.000000 -0.201457
15.000000 -0.198264
16.000000 -0.192731
17.000000 -0.190655
18.000000 -0.187362
19.000000 -0.187048
20.000000 -0.182470
21.000000 -0.175298
22.000000 -0.176389
23.000000 -0.176115
24.000000 -0.174330
25.000000 -0.167813
26.000000 -0.168941
27.000000 -0.164336
28.000000 -0.162729
29.000000 -0.152475
30.000000 -0.145028
31.000000 -0.142270
32.000000 -0.139330
33.000000 -0.137704
34.000000 -0.135884
35.000000 -0.133235
36.000000 -0.135255
37.000000 -0.133455
38.000000 -0.135753
39.000000 -0.135484
40.000000 -0.137502
41.000000 -0.141421
42.000000 -0.151857
43.000000 -0.156567
44.000000 -0.160853
45.000000 -0.164283
46.000000 -0.169869
47.000000 -0.173808
48.000000 -0.177397
49.000000 -0.178795
50.000000 -0.181447
51.000000 -0.184519
52.000000 -0.190355
53.000000 -0.190078
54.000000 -0.191441
55.000000 -0.194459
56.000000 -0.198277
57.000000 -0.201792
58.000000 -0.201717
59.000000 -0.203631
60.000000 -0.206581
61.000000 -0.207973
62.000000 -0.209761
63.000000 -0.207743
64.000000 -0.208705
65.000000 -0.210864
66.000000 -0.214278
67.000000 -0.213630
68.000000 -0.213062
69.000000 -0.216571
70.000000 -0.218650
71.000000 -0.218181
72.000000 -0.220457
73.000000 -0.220066
74.000000 -0.220759
75.000000 -0.226104
76.000000 -0.227135
77.000000 -0.227797
78.000000 -0.225228
79.000000 -0.227043
80.000000 -0.231949
